50 50
40
63 19
57 36
54 10
48 25
76 79
81 100
42 77
68 54
52 21
85 48
31 59
20 26
94 85
61 17
9 73
19 52
13 24
90 89
22 34
79 6
4 86
95 90
28 12
18 49
87 71
83 83
77 80
74 15
97 43
51 88
89  5
65 97
45 13
15 41
23 32
12 81
7 64
86 22
62 45
32 95
47 87
88 57
67 74
21 63
91 72
60 75
75 27
37 58
00 38
72 66
53 29
11 51
99  3
35  2
82 96
96 20
10 44
39 30
38 53
33 56
 8 70
14 84
34 67
1 14
64 99
25 68
40 78
46 60
50 92
84 42
3 55
43 93
2 37
36 23
73 40
6 47
59 4
56 69
41 9
5 39
58 46
70 35
30 31
17 65
66 1
78 91
71 94
98 11
49 62
24 98
16 33
29 50
55 7
26 82
69 18
27 8
44 61
92 28
93 76
80 16